30 30
0 0 0 0 0 0 0 -0 -0 -0 -0 -0 -0 0 0 0 0 0 0 -0 -0 -0 -0 -0 -0 0 0 0 0 0 
0 0 0 0 0 0 0 -0 -0 -0 -0 -0 -0 0 0 0 0 0 0 -0 -0 -0 -0 -0 -0 0 0 0 0 0 
0 0 0 0 0 0 0 -0 -0 -0 -0 -0 -0 0 0 0 0 0 0 -0 -0 -0 -0 -0 -0 0 0 0 0 0 
0 0 0 0 0 0 0 -0 -0 -0 -0 -0 -0 0 0 0 0 0 0 -0 -0 -0 -0 -0 -0 0 0 0 0 0 
0 0 0 0 0 0 0 -0 -0 -0 -0 -0 -0 0 0 0 0 0 0 -0 -0 -0 -0 -0 -0 0 0 0 0 0 
0 0 0 0 0 0 0 -0 -0 -0 -0 -0 -0 0 0 0 0 0 0 -0 -0 -0 -0 -0 -0 0 0 0 0 0 
0 0 0 0 0 0 0 -0 -0 -0 -0 -0 -0 0 0 0 0 0 0 -0 -0 -0 -0 -0 -0 0 0 0 0 0 
-0 -0 -0 -0 -0 -0 -0 0 0 0 0 0 0 -0 -0 -0 -0 -0 -0 0 0 0 0 0 0 -0 -0 -0 -0 -0 
-0 -0 -0 -0 -0 -0 -0 0 0 0 0 0 0 -0 -0 -0 -0 -0 -0 0 0 0 0 0 0 -0 -0 -0 -0 -0 
-0 -0 -0 -0 -0 -0 -0 0 0 0 0 0 0 -0 -0 -0 -0 -0 -0 0 0 0 0 0 0 -0 -0 -0 -0 -0 
-0 -0 -0 -0 -0 -0 -0 0 0 0 0 0 0 -0 -0 -0 -0 -0 -0 0 0 0 0 0 0 -0 -0 -0 -0 -0 
-0 -0 -0 -0 -0 -0 -0 0 0 0 0 0 0 -0 -0 -0 -0 -0 -0 0 0 0 0 0 0 -0 -0 -0 -0 -0 
-0 -0 -0 -0 -0 -0 -0 0 0 0 0 0 0 -0 -0 -0 -0 -0 -0 0 0 0 0 0 0 -0 -0 -0 -0 -0 
0 0 0 0 0 0 0 -0 -0 -0 -0 -0 -0 0 0 0 0 0 0 -0 -0 -0 -0 -0 -0 0 0 0 0 0 
0 0 0 0 0 0 0 -0 -0 -0 -0 -0 -0 0 0 0 0 0 0 -0 -0 -0 -0 -0 -0 0 0 0 0 0 
0 0 0 0 0 0 0 -0 -0 -0 -0 -0 -0 0 0 0 0 0 0 -0 -0 -0 -0 -0 -0 0 0 0 0 0 
0 0.433013 0.75 0.866025 0.75 0.433013 1.06058e-16 -0.433013 -0.75 -0.866025 -0.75 -0.433013 -2.12115e-16 0.433013 0.75 0.866025 0.75 0.433013 3.18173e-16 -0.433012 -0.75 -0.866025 -0.75 -0.433013 -4.2423e-16 0.433012 0.75 0.866025 0.75 0.433013 
0 0.25 0.433013 0.5 0.433013 0.25 6.12324e-17 -0.25 -0.433013 -0.5 -0.433013 -0.25 -1.22465e-16 0.25 0.433013 0.5 0.433013 0.25 1.83697e-16 -0.25 -0.433013 -0.5 -0.433013 -0.25 -2.44929e-16 0.25 0.433013 0.5 0.433013 0.250001 
0 1.83697e-16 3.18173e-16 3.67394e-16 3.18173e-16 1.83697e-16 4.49928e-32 -1.83697e-16 -3.18173e-16 -3.67394e-16 -3.18173e-16 -1.83697e-16 -8.99856e-32 1.83697e-16 3.18173e-16 3.67394e-16 3.18173e-16 1.83697e-16 1.34978e-31 -1.83697e-16 -3.18173e-16 -3.67394e-16 -3.18173e-16 -1.83697e-16 -1.79971e-31 1.83697e-16 3.18173e-16 3.67394e-16 3.18173e-16 1.83697e-16 
-0 -0.25 -0.433012 -0.5 -0.433012 -0.25 -6.12323e-17 0.25 0.433012 0.5 0.433012 0.25 1.22465e-16 -0.25 -0.433012 -0.5 -0.433012 -0.25 -1.83697e-16 0.25 0.433012 0.5 0.433012 0.25 2.44929e-16 -0.25 -0.433012 -0.5 -0.433012 -0.25 
-0 -0.433013 -0.75 -0.866026 -0.75 -0.433013 -1.06058e-16 0.433013 0.75 0.866026 0.75 0.433013 2.12115e-16 -0.433013 -0.75 -0.866026 -0.75 -0.433013 -3.18173e-16 0.433012 0.75 0.866026 0.75 0.433013 4.2423e-16 -0.433012 -0.75 -0.866026 -0.75 -0.433014 
-0 -0.5 -0.866025 -1 -0.866025 -0.5 -1.22465e-16 0.5 0.866025 1 0.866025 0.5 2.44929e-16 -0.5 -0.866025 -1 -0.866025 -0.5 -3.67394e-16 0.5 0.866026 1 0.866025 0.5 4.89859e-16 -0.5 -0.866026 -1 -0.866026 -0.500001 
-0 -0.433013 -0.75 -0.866025 -0.75 -0.433013 -1.06058e-16 0.433013 0.75 0.866025 0.75 0.433013 2.12115e-16 -0.433013 -0.75 -0.866025 -0.75 -0.433013 -3.18173e-16 0.433012 0.75 0.866025 0.75 0.433013 4.2423e-16 -0.433012 -0.75 -0.866025 -0.75 -0.433013 
-0 -0.25 -0.433013 -0.5 -0.433013 -0.25 -6.12324e-17 0.25 0.433013 0.5 0.433013 0.25 1.22465e-16 -0.25 -0.433013 -0.5 -0.433013 -0.25 -1.83697e-16 0.25 0.433013 0.5 0.433013 0.25 2.44929e-16 -0.25 -0.433013 -0.5 -0.433013 -0.250001 
-0 -2.44929e-16 -4.2423e-16 -4.89859e-16 -4.2423e-16 -2.44929e-16 -5.99904e-32 2.44929e-16 4.2423e-16 4.89859e-16 4.2423e-16 2.44929e-16 1.19981e-31 -2.44929e-16 -4.2423e-16 -4.89859e-16 -4.2423e-16 -2.44929e-16 -1.79971e-31 2.44929e-16 4.2423e-16 4.89859e-16 4.2423e-16 2.44929e-16 2.39962e-31 -2.44929e-16 -4.2423e-16 -4.89859e-16 -4.2423e-16 -2.4493e-16 
0 0.25 0.433012 0.5 0.433012 0.25 6.12323e-17 -0.25 -0.433012 -0.5 -0.433012 -0.25 -1.22465e-16 0.25 0.433012 0.5 0.433012 0.25 1.83697e-16 -0.25 -0.433012 -0.5 -0.433012 -0.25 -2.44929e-16 0.25 0.433012 0.5 0.433012 0.25 
0 0.433013 0.75 0.866026 0.75 0.433013 1.06058e-16 -0.433013 -0.75 -0.866026 -0.75 -0.433013 -2.12115e-16 0.433013 0.75 0.866026 0.75 0.433013 3.18173e-16 -0.433012 -0.75 -0.866026 -0.75 -0.433013 -4.2423e-16 0.433012 0.75 0.866026 0.75 0.433014 
0 0.5 0.866025 1 0.866025 0.5 1.22465e-16 -0.5 -0.866025 -1 -0.866025 -0.5 -2.44929e-16 0.5 0.866025 1 0.866025 0.5 3.67394e-16 -0.5 -0.866026 -1 -0.866025 -0.5 -4.89859e-16 0.5 0.866026 1 0.866026 0.500001 
0 0.433013 0.75 0.866026 0.75 0.433013 1.06058e-16 -0.433013 -0.75 -0.866026 -0.75 -0.433013 -2.12115e-16 0.433013 0.75 0.866026 0.75 0.433013 3.18173e-16 -0.433012 -0.75 -0.866026 -0.75 -0.433013 -4.2423e-16 0.433012 0.75 0.866026 0.75 0.433014 
0 0.25 0.433013 0.500001 0.433013 0.25 6.12324e-17 -0.25 -0.433013 -0.500001 -0.433013 -0.25 -1.22465e-16 0.250001 0.433013 0.500001 0.433013 0.250001 1.83697e-16 -0.25 -0.433014 -0.500001 -0.433013 -0.250001 -2.4493e-16 0.25 0.433014 0.500001 0.433014 0.250001 
